6
0	1.3	1.2	3.1	2.4	0.8
1.3	0	1.3	2.6	2.7	1.7
1.2	1.3	0	1.6	1.4	1.9
3.1	2.6	1.6	0	1.8	3.6
2.4	2.7	1.4	1.8	0	2.3
0.8	1.7	1.9	3.6	2.3	0